  0.100000000000000005551115123125782702118158340454101562500000,  0.200000000000000011102230246251565404236316680908203125000000
 -0.730999999999999983124610025697620585560798645019531250000000, -0.460999999999999965361041631695115938782691955566406250000000
  0.624607899999999993667643138905987143516540527343750000000000, -0.821881099999999920058257885102648288011550903320312500000000
  0.726815061554838992563531974155921489000320434570312500000000, -0.028874949973030982625088469717411499004811048507690429687500
 -0.072192491170639444542089790957106743007898330688476562500000,  0.155682028596381916152324720314936712384223937988281250000000
 -0.699299120678719909882659067079657688736915588378906250000000, -0.635035815031987693757287161133717745542526245117187500000000
  0.846658039527973360627299825864611193537712097167968750000000, -0.732049957515459093215781649632845073938369750976562500000000
  0.887066069352372865708389326755423098802566528320312500000000,  0.251580169997026370509729531477205455303192138671875000000000
  0.058213285269729742044120257560280151665210723876953125000000,  0.746628492022303524855431078321998938918113708496093750000000
 -0.856231254365711569320751550549175590276718139648437500000000,  0.305846349318049159915489099148544482886791229248046875000000
  0.051141356000833193551358135664486326277256011962890625000000, -0.597036466342162341902621847111731767654418945312500000000000
  0.083156893987875776796947491220635129138827323913574218750000, -0.708944812212294217523833594896132126450538635253906250000000
  0.256217654629686264478038992820074781775474548339843750000000, -0.627660135714731004519251200690632686018943786621093750000000
  0.152929404310931993382638438561116345226764678955078125000000, -0.544974243601624719346432357269804924726486206054687500000000
  0.007942235849131177444215623495438194368034601211547851562500, -0.661268323612687280999011818494182080030441284179687500000000
  0.189604910017530187138490305187588091939687728881835937500000, -0.699184642159549341045021719764918088912963867187500000000000
  0.246733976885523953459511403707438148558139801025390625000000, -0.561419737851620137547570266178809106349945068359375000000000
  0.052838821782662095949412162099179113283753395080566406250000, -0.579407187688486757792816206347197294235229492187500000000000
  0.056617578029716841836460616832482628524303436279296875000000, -0.715745916312448993146233533479971811175346374511718750000000
  0.269731650380647891562801987674902193248271942138671875000000, -0.638665505101030595014321988855954259634017944335937500000000
  0.174272434878689153059383443178376182913780212402343750000000, -0.528034759096485339924242907727602869272232055664062500000000
 -0.012703423041494230072423476940457476302981376647949218750000, -0.650238468769648858547327563428552821278572082519531250000000
  0.176976722602602248857195377240714151412248611450195312500000, -0.715915377575857214687005125597352162003517150878906250000000
  0.271668291450813281784348873770795762538909912109375000000000, -0.560469750574111746921346366434590891003608703613281250000000
  0.060416430827490236188381800275237765163183212280273437500000, -0.557416334609788233223071074462495744228363037109375000000000
  0.023598945199881610906844642272517376113682985305786132812500, -0.720064656152666016097896317660342901945114135742187500000000
  0.282001743790117054277999386613373644649982452392578125000000, -0.653583726673543585761194663064088672399520874023437500000000
  0.201584951347086593909097018695320002734661102294921875000000, -0.509920533095782557708730564627330750226974487304687500000000
 -0.032069017914901083721179730900985305197536945343017578125000, -0.633217945778863589012530610489193350076675415039062500000000
  0.155552838158895978537543669517617672681808471679687500000000, -0.734698711205801324730657597683602944016456604003906250000000
  0.299832462958498024985232177641591988503932952880859375000000, -0.563475924483956891464231375721283257007598876953125000000000
  0.076400345352112458696680619141261558979749679565429687500000, -0.530203083079801573695988281542668119072914123535156250000000
 -0.016489208170869792263735220672060677316039800643920898437500, -0.719704230382077980721078347414731979370117187500000000000000
  0.290869366620622460395395592058775946497917175292968750000000, -0.673437690988842985184703593404265120625495910644531250000000
  0.235663218670477347949088198220124468207359313964843750000000, -0.491828793163040345337577718964894302189350128173828125000000
 -0.047056273654869348876950141402630833908915519714355468750000, -0.608322797308293639062526381167117506265640258789062500000000
  0.121558643630551424519303793658764334395527839660644531250000, -0.754744480561508335192399954394204542040824890136718750000000
  0.331328269805477026999085410352563485503196716308593750000000, -0.572260491865765108521202364499913528561592102050781250000000
  0.103999857722269870019538018368621123954653739929199218750000, -0.496729570693993316421455119780148379504680633544921875000000
 -0.063406562864775264931616050034790532663464546203613281250000, -0.711098364368361157694664598238887265324592590332031250000000
  0.292055970130011111063339512838865630328655242919921875000000, -0.699608051706700928562554508971516042947769165039062500000000
  0.277113116967113826127899756102124229073524475097656250000000, -0.476409098215034298995362860296154394745826721191406250000000
 -0.052337650284266359901330645243433536961674690246582031250000, -0.573448798406882342959534071269445121288299560546875000000000
  0.070314663524907311531464415566006209701299667358398437500000, -0.773825112742067999782591414259513840079307556152343750000000
  0.365868123518694798868011730519356206059455871582031250000000, -0.589012497972798754197754078631987795233726501464843750000000
  0.146929872402589978275244675387511961162090301513671875000000, -0.456006292372998667250527660144143737852573394775390625000000
 -0.114775873257561861207065589951525907963514328002929687500000, -0.688593712649568145955925047019263729453086853027343750000000
  0.277146978233764107457659520150627940893173217773437500000000, -0.733822533715438263257624385005328804254531860351562500000000
  0.326256788484803106342724277055822312831878662109375000000000, -0.468890371628785940227857054196647368371486663818359375000000
 -0.039106365305894320860691237840001122094690799713134765625000, -0.526465264109370223444273051427444443106651306152343750000000
 -0.002817880417658100850042401930295454803854227066040039062500, -0.786557548950429841205789216473931446671485900878906250000000
  0.401183513406617231478179519399418495595455169677734375000000, -0.616431059783403068053075912757776677608489990234375000000000
  0.208601484270305642665377376943069975823163986206054687500000, -0.408568495666856101866670769595657475292682647705078125000000
 -0.163027984263345387949684095474367495626211166381835937500000, -0.643992857243385063981122584664262831211090087890625000000000
  0.230566871826884844942640029330505058169364929199218750000000, -0.777159839391930562513266522728372365236282348632812500000000
  0.383697361915893098149865636514732614159584045410156250000000, -0.477862855243616602152201267017517238855361938476562500000000
  0.006207381768676076445878653231602584128268063068389892578125, -0.464561791421141734304001147393137216567993164062500000000000
 -0.100015067942535854084162849630956770852208137512207031250000, -0.780994156977485198822819256747607141733169555664062500000000
  0.427393508247695952384503925713943317532539367675781250000000, -0.659214891063857555408844746125396341085433959960937500000000
  0.289954024571836332935248492503887973725795745849609375000000, -0.361903235394307243311118327255826443433761596679687500000000
 -0.189394832988101446957784901314880698919296264648437500000000, -0.568926821852979158755658772861352190375328063964843750000000
  0.129295381075741511178733844644739292562007904052734375000000, -0.825187698386097623348689467093208804726600646972656250000000
  0.452831896681855583519649144363938830792903900146484375000000, -0.512070368946957232836325601965654641389846801757812500000000
  0.100888783178233798487610783922718837857246398925781250000000, -0.380290267477457533118467836175113916397094726562500000000000
 -0.215561255052773598217541461963264737278223037719726562500000, -0.731778517579710685581062534765806049108505249023437500000000
  0.410940758125689087343346272973576560616493225097656250000000, -0.728160583195733845940367245930247008800506591796875000000000
  0.385478456634656796442328641205676831305027008056640625000000, -0.343600411747970235776250547132804058492183685302734375000000
 -0.155867877194612008961982496657583396881818771362304687500000, -0.465789827301771264256302629291894845664501190185546875000000
 -0.040360643533088859380431046020021312870085239410400390625000, -0.854530405442338714117056497343583032488822937011718750000000
  0.534483476119942957360819946188712492585182189941406250000000, -0.572283595088505570025461111072218045592308044433593750000000
  0.253948256207183920007963706666487269103527069091796875000000, -0.266266089079577439324708620915771462023258209228515625000000
 -0.312428249528852952643376283958787098526954650878906250000000, -0.593330547849548528560603699588682502508163452148437500000000
  0.261579143744746889232999365049181506037712097167968750000000, -0.833921123160072053082103593624196946620941162109375000000000
  0.489872386562201278525918723971699364483356475830078125000000, -0.408909635681916183713724421977531164884567260742187500000000
  0.002374466785228655091311011915422568563371896743774414062500, -0.344060322832074549914693761820672079920768737792968750000000
 -0.254119875024446773004171973298070952296257019042968750000000, -0.798475453054848460787695785256801173090934753417968750000000
  0.558346477863772561178734576969873160123825073242187500000000, -0.677086057812166464131564680428709834814071655273437500000000
  0.428217661432678642352556153127807192504405975341796875000000, -0.197997155604411417817445340006088372319936752319335937500000
 -0.276152091152765455372986025395221076905727386474609375000000, -0.380839851884040458962488173710880801081657409667968750000000
 -0.075769594216389055119087458933790912851691246032714843750000, -0.906342380771350097923289013124303892254829406738281250000000
  0.645574544179006504229789698001695796847343444824218750000000, -0.532912604041181570124763311468996107578277587890625000000000
  0.321806313955515066460577600082615390419960021972656250000000, -0.123723021276034100823792982737359125167131423950195312500000
 -0.418065518592379170570438873255625367164611816406250000000000, -0.474645687839796104334766368992859497666358947753906250000000
  0.188639474268405327173070418211864307522773742675781250000000, -0.892798556456666503322594508063048124313354492187500000000000
  0.579088381499128224128014608140802010893821716308593750000000, -0.411866884934810162377516462584026157855987548828125000000000
  0.094541491729488266737568835651472909376025199890136718750000, -0.225899216922082812786243266600649803876876831054687500000000
 -0.392555968677063216176748028374277055263519287109375000000000, -0.723583464480793914219702855916693806648254394531250000000000
  0.558585795456337352860032297030556946992874145507812500000000, -0.744639295373214826767593876866158097982406616210937500000000
  0.532576378228618141363881477445829659700393676757812500000000, -0.163105424532282328176080454795737750828266143798828125000000
 -0.212183131231467703159410120861139148473739624023437500000000, -0.228630258225740928823555009330448228865861892700195312500000
 -0.305288257196410450777790401843958534300327301025390625000000, -0.892593109267927675709586310404120013117790222167968750000000
  0.779657439284545117352820398082258179783821105957031250000000, -0.585217330355321529999912399944150820374488830566406250000000
  0.573094200457682445559726147621404379606246948242187500000000,  0.091486492938660846085952016437659040093421936035156250000000
 -0.353710012799842266062455564679112285375595092773437500000000,  0.009225624010537359157013703736538445809856057167053222656250
 -0.434989219292435058683565785031532868742942810058593750000000, -0.855386451096672550953314839716767892241477966308593750000000
  0.849373631140317830734431936434702947735786437988281250000000, -0.615130841517713800037370219797594472765922546386718750000000
  0.723282819918791397562074507732177153229713439941406250000000,  0.214292514602907963050526518600236158818006515502929687500000
 -0.209758864386760307541024417332664597779512405395507812500000,  0.388897490925871613942632620819495059549808502197265625000000
 -0.767313631137146789917835576488869264721870422363281250000000, -0.471048839897279747468417099298676475882530212402343750000000
  0.706638309311347634356081925943726673722267150878906250000000, -0.799478732417086779271642171806888654828071594238281250000000
  0.788701911398795640906200787867419421672821044921875000000000,  0.070262896485002931945551551962125813588500022888183593750000
